VERTICES
0.6 -0.6 0.6
-0.6 -0.6 0.6
0.6 0.6 0.6
-0.6 0.6 0.6
0.6 -0.6 -0.6
-0.6 -0.6 -0.6
0.6 0.6 -0.6
-0.6 0.6 -0.6
0.3 -0.3 0.3
-0.3 -0.3 0.3
0.3 0.3 0.3
-0.3 0.3 0.3
0.3 -0.3 -0.3
-0.3 -0.3 -0.3
0.3 0.3 -0.3
-0.3 0.3 -0.3

TRIANGLES
0 2 3
0 3 1
2 6 7
2 7 3
6 4 5
6 5 7
4 0 1
4 1 5
1 3 7
1 7 5
4 6 2
4 2 0
8 10 11
8 11 9
10 14 15
10 15 11
14 12 13
14 13 15
12 8 9
12 9 13
9 11 15
9 15 13
12 14 10
12 10 8

EDGES
0 2
2 3
3 1
1 0
4 6
6 7
7 5
5 4
0 4
2 6
3 7
1 5
8 10
10 11
11 9
9 8
12 14
14 15
15 13
13 12
8 12
10 14
11 15
9 13
