VERTICES
0.5 0.5 0.5
0.5 -0.5 0.5
0.5 0.5 -0.5
0.5 -0.5 -0.5
-0.5 0.5 0.5
-0.5 -0.5 0.5
-0.5 0.5 -0.5
-0.5 -0.5 -0.5
0.309017 0.0 0.809017
0.309017 0.0 -0.809017
-0.309017 0.0 0.809017
-0.309017 0.0 -0.809017
0.0 0.809017 0.309017
0.0 -0.809017 0.309017
0.0 0.809017 -0.309017
0.0 -0.809017 -0.309017
0.809017 0.309017 0.0
-0.809017 0.309017 0.0
0.809017 -0.309017 0.0
-0.809017 -0.309017 0.0

TRIANGLES
0 16 18
1 16 18
0 1 8
2 16 18
3 16 18
2 3 9
4 17 19
5 17 19
4 5 10
6 17 19
7 17 19
6 7 11
8 10 1
8 10 5
1 5 13
8 10 0
8 10 4
0 4 12
9 11 2
9 11 6
2 6 14
9 11 3
9 11 7
3 7 15
12 14 0
12 14 2
0 2 16
12 14 4
12 14 6
4 6 17
13 15 1
13 15 3
1 3 18
13 15 5
13 15 7
5 7 19

EDGES
0 1
0 2
0 4
0 12
0 16
1 3
1 5
1 13
1 18
2 3
2 6
2 14
2 16
3 7
3 15
3 18
4 5
4 6
4 12
4 17
5 7
5 13
5 19
6 7
6 14
6 17
7 15
7 19
8 10
8 1
8 0
9 11
9 3
9 2
10 5
10 4
11 7
11 6
12 14
12 0
13 15
13 1
14 2
14 6
15 3
15 7
16 18
16 0
16 2
17 19
17 4
17 6
18 1
18 3
19 5
19 7
