VERTICES
0.0 0.5 0.809017
0.0 0.5 -0.809017
0.0 -0.5 0.809017
0.0 -0.5 -0.809017
0.5 0.809017 0.0
0.5 -0.809017 0.0
-0.5 0.809017 0.0
-0.5 -0.809017 0.0
0.809017 0.0 0.5
-0.809017 0.0 0.5
0.809017 0.0 -0.5
-0.809017 0.0 -0.5

TRIANGLES
4 0 8
0 2 8
2 5 8
5 10 8
10 4 8
3 7 11
7 9 11
9 6 11
6 1 11
1 3 11
3 7 5
7 9 2
9 6 0
6 1 4
1 3 10
5 10 3
2 0 9
4 8 10
0 4 6
2 9 7

EDGES
0 2
0 4
0 6
0 8
0 9
1 3
1 4
1 6
1 10
1 11
2 5
2 7
2 8
2 9
3 5
3 7
3 10
3 11
4 6
4 8
4 10
5 7
5 8
5 10
6 9
6 11
7 9
7 11
8 10
9 11
